1.000E-01 7.301E+02 
2.000E-01 5.928E+02 
3.000E-01 4.767E+02 
4.000E-01 4.015E+02 
5.000E-01 3.501E+02 
6.000E-01 3.123E+02 
7.000E-01 2.826E+02 
8.000E-01 2.589E+02 
9.000E-01 2.393E+02 
1.000E+00 2.229E+02 
1.100E+00 2.088E+02 
1.200E+00 1.967E+02 
1.300E+00 1.861E+02 
1.400E+00 1.767E+02 
1.500E+00 1.683E+02 
1.600E+00 1.608E+02 
1.700E+00 1.540E+02 
1.800E+00 1.478E+02 
1.900E+00 1.422E+02 
2.000E+00 1.371E+02 
2.100E+00 1.323E+02 
2.200E+00 1.279E+02 
2.300E+00 1.238E+02 
2.400E+00 1.200E+02 
2.500E+00 1.165E+02 
2.600E+00 1.132E+02 
2.700E+00 1.101E+02 
2.800E+00 1.071E+02 
2.900E+00 1.044E+02 
3.000E+00 1.018E+02 
3.100E+00 9.933E+01 
3.200E+00 9.700E+01 
3.300E+00 9.479E+01 
3.400E+00 9.268E+01 
3.500E+00 9.068E+01 
3.600E+00 8.878E+01 
3.700E+00 8.696E+01 
3.800E+00 8.522E+01 
3.900E+00 8.356E+01 
4.000E+00 8.197E+01 
4.100E+00 8.044E+01 
4.200E+00 7.898E+01 
4.300E+00 7.757E+01 
4.400E+00 7.622E+01 
4.500E+00 7.492E+01 
4.600E+00 7.367E+01 
4.700E+00 7.246E+01 
4.800E+00 7.130E+01 
4.900E+00 7.017E+01 
5.000E+00 6.909E+01 
5.100E+00 6.804E+01 
5.200E+00 6.702E+01 
5.300E+00 6.604E+01 
5.400E+00 6.509E+01 
5.500E+00 6.417E+01 
5.600E+00 6.328E+01 
5.700E+00 6.241E+01 
5.800E+00 6.158E+01 
5.900E+00 6.076E+01 
6.000E+00 5.997E+01 
6.100E+00 5.920E+01 
6.200E+00 5.845E+01 
6.300E+00 5.773E+01 
6.400E+00 5.702E+01 
6.500E+00 5.633E+01 
6.600E+00 5.566E+01 
6.700E+00 5.501E+01 
6.800E+00 5.437E+01 
6.900E+00 5.375E+01 
7.000E+00 5.315E+01 
7.100E+00 5.256E+01 
7.200E+00 5.198E+01 
7.300E+00 5.142E+01 
7.400E+00 5.087E+01 
7.500E+00 5.033E+01 
7.600E+00 4.981E+01 
7.700E+00 4.930E+01 
7.800E+00 4.880E+01 
7.900E+00 4.831E+01 
8.000E+00 4.783E+01 
8.100E+00 4.736E+01 
8.200E+00 4.691E+01 
8.300E+00 4.646E+01 
8.400E+00 4.602E+01 
8.500E+00 4.559E+01 
8.600E+00 4.517E+01 
8.700E+00 4.476E+01 
8.800E+00 4.435E+01 
8.900E+00 4.396E+01 
9.000E+00 4.357E+01 
9.100E+00 4.319E+01 
9.200E+00 4.281E+01 
9.300E+00 4.245E+01 
9.400E+00 4.209E+01 
9.500E+00 4.173E+01 
9.600E+00 4.139E+01 
9.700E+00 4.105E+01 
9.800E+00 4.071E+01 
9.900E+00 4.038E+01 
1.000E+01 4.006E+01 
1.010E+01 3.974E+01 
1.020E+01 3.943E+01 
1.030E+01 3.913E+01 
1.040E+01 3.883E+01 
1.050E+01 3.853E+01 
1.060E+01 3.824E+01 
1.070E+01 3.795E+01 
1.080E+01 3.767E+01 
1.090E+01 3.740E+01 
1.100E+01 3.712E+01 
1.110E+01 3.686E+01 
1.120E+01 3.659E+01 
1.130E+01 3.633E+01 
1.140E+01 3.608E+01 
1.150E+01 3.583E+01 
1.160E+01 3.558E+01 
1.170E+01 3.533E+01 
1.180E+01 3.509E+01 
1.190E+01 3.486E+01 
1.200E+01 3.462E+01 
1.210E+01 3.439E+01 
1.220E+01 3.417E+01 
1.230E+01 3.395E+01 
1.240E+01 3.373E+01 
1.250E+01 3.351E+01 
1.260E+01 3.329E+01 
1.270E+01 3.308E+01 
1.280E+01 3.288E+01 
1.290E+01 3.267E+01 
1.300E+01 3.247E+01 
1.310E+01 3.227E+01 
1.320E+01 3.207E+01 
1.330E+01 3.188E+01 
1.340E+01 3.169E+01 
1.350E+01 3.150E+01 
1.360E+01 3.131E+01 
1.370E+01 3.113E+01 
1.380E+01 3.095E+01 
1.390E+01 3.077E+01 
1.400E+01 3.059E+01 
1.410E+01 3.041E+01 
1.420E+01 3.024E+01 
1.430E+01 3.007E+01 
1.440E+01 2.990E+01 
1.450E+01 2.974E+01 
1.460E+01 2.957E+01 
1.470E+01 2.941E+01 
1.480E+01 2.925E+01 
1.490E+01 2.909E+01 
1.500E+01 2.894E+01 
1.510E+01 2.878E+01 
1.520E+01 2.863E+01 
1.530E+01 2.848E+01 
1.540E+01 2.833E+01 
1.550E+01 2.818E+01 
1.560E+01 2.804E+01 
1.570E+01 2.789E+01 
1.580E+01 2.775E+01 
1.590E+01 2.761E+01 
1.600E+01 2.747E+01 
1.610E+01 2.733E+01 
1.620E+01 2.719E+01 
1.630E+01 2.706E+01 
1.640E+01 2.693E+01 
1.650E+01 2.679E+01 
1.660E+01 2.666E+01 
1.670E+01 2.654E+01 
1.680E+01 2.641E+01 
1.690E+01 2.628E+01 
1.700E+01 2.616E+01 
1.710E+01 2.603E+01 
1.720E+01 2.591E+01 
1.730E+01 2.579E+01 
1.740E+01 2.567E+01 
1.750E+01 2.555E+01 
1.760E+01 2.543E+01 
1.770E+01 2.532E+01 
1.780E+01 2.520E+01 
1.790E+01 2.509E+01 
1.800E+01 2.498E+01 
1.810E+01 2.487E+01 
1.820E+01 2.475E+01 
1.830E+01 2.465E+01 
1.840E+01 2.454E+01 
1.850E+01 2.443E+01 
1.860E+01 2.432E+01 
1.870E+01 2.422E+01 
1.880E+01 2.411E+01 
1.890E+01 2.401E+01 
1.900E+01 2.391E+01 
1.910E+01 2.381E+01 
1.920E+01 2.371E+01 
1.930E+01 2.361E+01 
1.940E+01 2.351E+01 
1.950E+01 2.341E+01 
1.960E+01 2.332E+01 
1.970E+01 2.322E+01 
1.980E+01 2.313E+01 
1.990E+01 2.303E+01 
2.000E+01 2.294E+01 
2.010E+01 2.285E+01 
2.020E+01 2.275E+01 
2.030E+01 2.266E+01 
2.040E+01 2.257E+01 
2.050E+01 2.248E+01 
2.060E+01 2.240E+01 
2.070E+01 2.231E+01 
2.080E+01 2.222E+01 
2.090E+01 2.214E+01 
2.100E+01 2.205E+01 
2.110E+01 2.197E+01 
2.120E+01 2.188E+01 
2.130E+01 2.180E+01 
2.140E+01 2.172E+01 
2.150E+01 2.164E+01 
2.160E+01 2.155E+01 
2.170E+01 2.147E+01 
2.180E+01 2.139E+01 
2.190E+01 2.132E+01 
2.200E+01 2.124E+01 
2.210E+01 2.116E+01 
2.220E+01 2.108E+01 
2.230E+01 2.101E+01 
2.240E+01 2.093E+01 
2.250E+01 2.085E+01 
2.260E+01 2.078E+01 
2.270E+01 2.071E+01 
2.280E+01 2.063E+01 
2.290E+01 2.056E+01 
2.300E+01 2.049E+01 
2.310E+01 2.042E+01 
2.320E+01 2.034E+01 
2.330E+01 2.027E+01 
2.340E+01 2.020E+01 
2.350E+01 2.013E+01 
2.360E+01 2.007E+01 
2.370E+01 2.000E+01 
2.380E+01 1.993E+01 
2.390E+01 1.986E+01 
2.400E+01 1.979E+01 
2.410E+01 1.973E+01 
2.420E+01 1.966E+01 
2.430E+01 1.960E+01 
2.440E+01 1.953E+01 
2.450E+01 1.947E+01 
2.460E+01 1.940E+01 
2.470E+01 1.934E+01 
2.480E+01 1.928E+01 
2.490E+01 1.921E+01 
2.500E+01 1.915E+01 
2.510E+01 1.909E+01 
2.520E+01 1.903E+01 
2.530E+01 1.897E+01 
2.540E+01 1.891E+01 
2.550E+01 1.885E+01 
2.560E+01 1.879E+01 
2.570E+01 1.873E+01 
2.580E+01 1.867E+01 
2.590E+01 1.861E+01 
2.600E+01 1.855E+01 
2.610E+01 1.850E+01 
2.620E+01 1.844E+01 
2.630E+01 1.838E+01 
2.640E+01 1.833E+01 
2.650E+01 1.827E+01 
2.660E+01 1.822E+01 
2.670E+01 1.816E+01 
2.680E+01 1.811E+01 
2.690E+01 1.805E+01 
2.700E+01 1.800E+01 
2.710E+01 1.794E+01 
2.720E+01 1.789E+01 
2.730E+01 1.784E+01 
2.740E+01 1.779E+01 
2.750E+01 1.773E+01 
2.760E+01 1.768E+01 
2.770E+01 1.763E+01 
2.780E+01 1.758E+01 
2.790E+01 1.753E+01 
2.800E+01 1.748E+01 
2.810E+01 1.743E+01 
2.820E+01 1.738E+01 
2.830E+01 1.733E+01 
2.840E+01 1.728E+01 
2.850E+01 1.723E+01 
2.860E+01 1.718E+01 
2.870E+01 1.713E+01 
2.880E+01 1.708E+01 
2.890E+01 1.704E+01 
2.900E+01 1.699E+01 
2.910E+01 1.694E+01 
2.920E+01 1.690E+01 
2.930E+01 1.685E+01 
2.940E+01 1.680E+01 
2.950E+01 1.676E+01 
2.960E+01 1.671E+01 
2.970E+01 1.667E+01 
2.980E+01 1.662E+01 
2.990E+01 1.658E+01 
3.000E+01 1.653E+01 
